Loaded: data\build_feature_news_graph\dataset_by_month\2019\2019_01.parquet
Shape: (865, 30)

=== Head 10 ===
     ts_code trade_date     ret_1     ret_5    ret_10    ret_20  hl_spread    co_ret    log_vol  turnover_rate  volume_ratio      pb   ma5_gap  ma10_gap  ma20_gap  volatility_5  volatility_20  future_ret_5  has_news_1d  has_news_3d  has_news_7d  news_cnt_1d_log  news_cnt_3d_log  news_cnt_7d_log  news_sent_dev_1d  news_sent_dev_3d  news_sent_dev_7d  news_sent_std_7d  news_risk_cnt_7d_log  news_freshness
0  000001.SZ   20190130 -0.004545  0.057971  0.044847  0.191513   0.029224  0.000000  13.475836         0.4147          0.69  0.8543  0.006249  0.032434  0.065382      0.021036       0.018483      0.039269            0            0            0              0.0              0.0              0.0               0.0               0.0               0.0               0.0                   0.0        0.013764
1  000002.SZ   20190130  0.012277  0.075069  0.070417  0.138494   0.043734  0.019101  13.291776         0.6097          1.96  2.1455  0.033343  0.051594  0.068861      0.014328       0.015188      0.020581            0            0            0              0.0              0.0              0.0               0.0               0.0               0.0               0.0                   0.0        0.013764
2  000009.SZ   20190130 -0.011933 -0.034965 -0.071749 -0.037209   0.021739 -0.009569  11.479174         0.4561          0.84  1.7487 -0.020350 -0.036537 -0.052740      0.006445       0.014937      0.101449            0            0            0              0.0              0.0              0.0               0.0               0.0               0.0               0.0                   0.0        0.013764
3  000032.SZ   20190130  0.004054 -0.019789 -0.114422  0.029086   0.025572  0.006775   9.944575         0.5067          0.72  2.3051 -0.006684 -0.021338 -0.027360      0.012862       0.024811      0.134590            0            0            0              0.0              0.0              0.0               0.0               0.0               0.0               0.0                   0.0        0.013764
4  000034.SZ   20190130  0.000000 -0.033130 -0.130196 -0.166165   0.055005 -0.000901  10.866539         1.4636          0.77  1.9731 -0.033972 -0.055366 -0.105537      0.028097       0.019700      0.045987            0            0            0              0.0              0.0              0.0               0.0               0.0               0.0               0.0                   0.0        0.013764
5  000035.SZ   20190130 -0.030710 -0.009804 -0.032567 -0.088448   0.031683 -0.025097  10.498636         0.2831          0.96  2.1419 -0.014826 -0.018655 -0.049948      0.018694       0.018093      0.039604            0            0            0              0.0              0.0              0.0               0.0               0.0               0.0               0.0                   0.0        0.013764
6  000039.SZ   20190130 -0.014925 -0.008834 -0.014060  0.046642   0.025847 -0.005319  10.769736         0.3752          0.77  1.0361 -0.015617 -0.016135 -0.005495      0.010911       0.013187      0.070410            0            0            0              0.0              0.0              0.0               0.0               0.0               0.0               0.0                   0.0        0.013764
7  000063.SZ   20190130 -0.013514 -0.036186 -0.029542  0.007669   0.023338 -0.013514  12.971150         1.2516          0.76  3.6372 -0.020572 -0.026859 -0.019257      0.005376       0.022914      0.164384            0            0            0              0.0              0.0              0.0               0.0               0.0               0.0               0.0                   0.0        0.013764
8  000066.SZ   20190130 -0.001848  0.024668  0.065089  0.146497   0.035185  0.005587  12.336880         0.9152          0.76  2.6250 -0.004058  0.014466  0.048544      0.020432       0.019569      0.070370            0            0            0              0.0              0.0              0.0               0.0               0.0               0.0               0.0                   0.0        0.013764
9  000069.SZ   20190130  0.000000  0.045677  0.038898  0.073702   0.037441  0.004702  12.824884         0.5307          1.68  0.9748  0.015526  0.029388  0.034205      0.012246       0.011970      0.024961            0            0            0              0.0              0.0              0.0               0.0               0.0               0.0               0.0                   0.0        0.013764

=== Tail 10 ===
       ts_code trade_date     ret_1     ret_5    ret_10    ret_20  hl_spread    co_ret    log_vol  turnover_rate  volume_ratio       pb   ma5_gap  ma10_gap  ma20_gap  volatility_5  volatility_20  future_ret_5  has_news_1d  has_news_3d  has_news_7d  news_cnt_1d_log  news_cnt_3d_log  news_cnt_7d_log  news_sent_dev_1d  news_sent_dev_3d  news_sent_dev_7d  news_sent_std_7d  news_risk_cnt_7d_log  news_freshness
855  603799.SH   20190131 -0.018734 -0.111902 -0.092830 -0.108881   0.040855 -0.022761  12.045793         2.0781          0.92   2.7014 -0.048467 -0.085097 -0.102067      0.028317       0.023249      0.201604            0            0            0         0.000000         0.000000         0.000000          0.000000          0.000000          0.000000               0.0                   0.0        0.013764
856  603806.SH   20190131 -0.012897  0.064930  0.082306  0.130254   0.036851  0.000670   9.254906         0.2001          0.68   3.0279  0.020513  0.044985  0.060636      0.021664       0.023920      0.035176            0            0            0         0.000000         0.000000         0.000000          0.000000          0.000000          0.000000               0.0                   0.0        0.013764
857  603816.SH   20190131  0.007502  0.003945  0.053606  0.167592   0.023371 -0.004530   9.580656         1.6252          0.90   4.5032 -0.015074 -0.005165  0.036064      0.023346       0.025264      0.096174            0            0            0         0.000000         0.000000         0.000000          0.000000          0.000000          0.000000               0.0                   0.0        0.013764
858  603833.SH   20190131  0.021818  0.036422  0.017770  0.185029   0.043149  0.020774   9.127451         0.9992          0.93   5.2614 -0.009452  0.004603  0.042388      0.035953       0.025274      0.049822            0            0            0         0.000000         0.000000         0.000000          0.000000          0.000000          0.000000               0.0                   0.0        0.013764
859  603885.SH   20190131 -0.020243  0.019377  0.025424 -0.023406   0.019835 -0.016260  10.992976         0.3308          0.86   2.2486 -0.014979  0.000910  0.001407      0.024103       0.016519      0.066116            0            0            0         0.000000         0.000000         0.000000          0.000000          0.000000          0.000000               0.0                   0.0        0.013764
860  603899.SH   20190131  0.006352  0.016205  0.078853  0.044414   0.029236  0.006689   9.475256         0.1417          0.55   8.5769 -0.005550  0.012991  0.039975      0.016564       0.015384      0.023920            0            0            0         0.000000         0.000000         0.000000          0.000000          0.000000          0.000000               0.0                   0.0        0.013764
861  603939.SH   20190131 -0.004569 -0.032423  0.014199  0.100253   0.026394  0.001609   9.273866         0.2938          0.92   4.1265 -0.016834 -0.021800  0.021140      0.009936       0.017856      0.141841            0            0            0         0.000000         0.000000         0.000000          0.000000          0.000000          0.000000               0.0                   0.0        0.013764
862  603979.SH   20190131 -0.005333 -0.054499 -0.019711  0.013587   0.014745 -0.013228   9.470132         0.2216          0.66   1.0864 -0.012444 -0.029404 -0.024582      0.009704       0.012010      0.052279            0            0            0         0.000000         0.000000         0.000000          0.000000          0.000000          0.000000               0.0                   0.0        0.013764
863  603986.SH   20190131  0.008492 -0.007478  0.123672  0.143412   0.040183  0.007592  10.771989         2.2983          0.61  10.0835 -0.015074  0.007892  0.057227      0.019813       0.032555      0.139016            0            0            0         0.000000         0.000000         0.000000          0.000000          0.000000          0.000000               0.0                   0.0        0.013764
864  603993.SH   20190131  0.013193 -0.005181  0.005236  0.026738   0.031250 -0.002597  13.776186         0.5442          1.86   2.0096  0.004710 -0.004149 -0.001690      0.009381       0.012366      0.083333            1            1            1         1.386294         1.386294         1.386294         -0.048303         -0.048303         -0.048303               0.0                   0.0        1.000000