pubtime	pcode	sentiment_score	半导体电子	计算机通信互联网	新能源电力设备	汽车产业链	医药医疗	金融	地产建筑建材	机械设备高端制造	军工航空航天	有色金属资源	化工材料	消费食品家电轻工	交通运输物流	公用事业环保	综合其他
2025-12-30 17:01:00	国令第826号	0.693059	0.000000	0.042553	0.021277	0.000000	0.085106	0.106383	0.191489	0.000000	0.021277	0.000000	0.000000	0.212766	0.170213	0.021277	0.127660
2025-12-16 17:00:00	国令第823号	0.680299	0.000000	0.125000	0.000000	0.000000	0.000000	0.125000	0.000000	0.000000	0.000000	0.000000	0.000000	0.000000	0.250000	0.000000	0.500000
2025-12-15 17:00:00	中央军委办公厅关于印发《兵役登记工作规定》的通知	0.654262	0.000000	0.000000	0.000000	0.000000	0.000000	0.000000	0.000000	0.000000	0.400000	0.000000	0.000000	0.000000	0.000000	0.000000	0.600000
2025-12-04 17:00:00	国函〔2025〕112号	0.463911	0.000000	0.000000	0.000000	0.000000	0.000000	0.000000	0.000000	0.000000	0.000000	0.000000	0.000000	0.000000	0.000000	0.000000	0.000000
2025-11-21 17:00:00	国令第822号	0.605848	0.000000	0.111111	0.000000	0.000000	0.027778	0.138889	0.000000	0.138889	0.138889	0.027778	0.000000	0.000000	0.166667	0.000000	0.250000
2025-11-10 17:00:00	国办发〔2025〕38号	0.638960	0.000000	0.038462	0.000000	0.000000	0.000000	0.423077	0.000000	0.000000	0.115385	0.000000	0.000000	0.000000	0.269231	0.076923	0.076923
2025-11-07 17:00:00	国办发〔2025〕37号	0.709621	0.000000	0.213333	0.066667	0.013333	0.093333	0.013333	0.013333	0.080000	0.040000	0.000000	0.013333	0.080000	0.186667	0.013333	0.173333
2025-11-06 17:01:00	国令第820号	0.664281	0.000000	0.000000	0.000000	0.000000	0.000000	0.000000	0.000000	0.000000	0.000000	0.000000	0.000000	0.000000	0.500000	0.000000	0.500000
2025-10-22 17:00:00	国函〔2025〕101号	0.679191	0.000000	0.000000	0.000000	0.000000	0.000000	0.000000	0.000000	0.000000	0.000000	0.000000	0.000000	0.000000	0.000000	0.000000	0.000000
2025-10-17 17:00:00	国办函〔2025〕102号	0.792211	0.000000	0.280822	0.000000	0.000000	0.219178	0.000000	0.068493	0.000000	0.068493	0.013699	0.006849	0.000000	0.184932	0.006849	0.150685
2025-10-11 17:00:00	国令第819号	0.679787	0.000000	0.000000	0.000000	0.000000	0.000000	0.058824	0.058824	0.000000	0.000000	0.000000	0.352941	0.000000	0.058824	0.000000	0.470588
2025-10-10 17:00:00	国令第818号	0.640638	0.000000	0.000000	0.000000	0.000000	0.976471	0.011765	0.000000	0.000000	0.000000	0.000000	0.000000	0.000000	0.000000	0.000000	0.011765
2025-10-09 17:00:00	国办发〔2025〕33号	0.633297	0.000000	0.500000	0.000000	0.000000	0.000000	0.000000	0.000000	0.000000	0.000000	0.000000	0.500000	0.000000	0.000000	0.000000	0.000000
2025-09-29 19:00:00	国令第817号	0.703647	0.000000	0.000000	0.000000	0.000000	0.000000	0.000000	0.000000	0.000000	0.271375	0.000000	0.000000	0.000000	0.728625	0.000000	0.000000
2025-09-23 17:00:00	国令第816号	0.685016	0.000000	0.000000	0.000000	0.000000	0.000000	0.071429	0.071429	0.000000	0.571429	0.000000	0.000000	0.000000	0.214286	0.000000	0.071429
2025-09-15 17:01:00	国令第815号	0.722357	0.000000	0.000000	0.000000	0.000000	0.000000	0.000000	0.000000	0.000000	0.000000	0.000000	0.000000	0.000000	0.000000	0.000000	0.000000
2025-09-15 17:00:00	国办函〔2025〕95号	0.621925	0.000000	0.125000	0.000000	0.000000	0.000000	0.000000	0.000000	0.000000	0.093750	0.000000	0.031250	0.093750	0.187500	0.000000	0.468750
2025-09-12 17:00:00	国办发〔2025〕32号	0.707943	0.000000	0.000000	0.263158	0.000000	0.052632	0.000000	0.000000	0.000000	0.052632	0.000000	0.000000	0.000000	0.105263	0.000000	0.526316
2025-09-11 15:00:00	国函〔2025〕86号	0.671741	0.000000	0.105618	0.026966	0.024719	0.049438	0.411236	0.020225	0.013483	0.026966	0.004494	0.013483	0.006742	0.065169	0.002247	0.229213
2025-09-10 17:00:00	国函〔2025〕87号	0.521129	0.000000	0.000000	0.000000	0.000000	0.000000	0.000000	0.000000	0.000000	0.000000	0.000000	0.000000	0.000000	0.000000	0.000000	0.000000
2025-09-10 17:00:00	国函〔2025〕85号	0.613727	0.000000	0.010204	0.000000	0.000000	0.897959	0.040816	0.000000	0.000000	0.000000	0.000000	0.010204	0.000000	0.000000	0.000000	0.040816
2025-09-04 17:00:00	国办发〔2025〕31号	0.684328	0.000000	0.029412	0.000000	0.014706	0.014706	0.235294	0.000000	0.014706	0.029412	0.000000	0.000000	0.544118	0.014706	0.000000	0.102941
2025-08-26 17:00:00	国发〔2025〕11号	0.721150	0.007407	0.755556	0.000000	0.007407	0.014815	0.000000	0.000000	0.029630	0.000000	0.000000	0.000000	0.081481	0.014815	0.000000	0.088889
2025-08-21 17:00:00	国函〔2025〕80号	0.673538	0.000000	0.000000	0.000000	0.000000	1.000000	0.000000	0.000000	0.000000	0.000000	0.000000	0.000000	0.000000	0.000000	0.000000	0.000000
2025-08-14 19:00:00	国令第814号	0.688493	0.000000	0.000000	0.000000	0.111111	0.111111	0.000000	0.000000	0.000000	0.333333	0.000000	0.000000	0.000000	0.333333	0.000000	0.111111
2025-08-07 17:00:00	国办发〔2025〕28号	0.653146	0.000000	0.200000	0.000000	0.000000	0.000000	0.000000	0.000000	0.000000	0.000000	0.000000	0.000000	0.000000	0.000000	0.000000	0.800000
2025-08-05 17:00:00	国办发〔2025〕27号	0.630582	0.000000	0.000000	0.000000	0.000000	0.000000	0.000000	0.000000	0.000000	0.000000	0.000000	0.000000	0.000000	0.000000	0.000000	1.000000
2025-07-22 19:00:00	国令第813号	0.667307	0.000000	0.000000	0.000000	0.009091	0.000000	0.009091	0.027273	0.000000	0.000000	0.000000	0.000000	0.000000	0.890909	0.000000	0.063636
2025-07-21 19:00:00	国令第812号	0.686460	0.000000	0.071429	0.000000	0.000000	0.000000	0.000000	0.428571	0.000000	0.000000	0.000000	0.000000	0.000000	0.000000	0.428571	0.071429
2025-07-09 17:00:00	国办发〔2025〕25号	0.629149	0.000000	0.027027	0.000000	0.000000	0.054054	0.756757	0.000000	0.054054	0.000000	0.000000	0.000000	0.000000	0.000000	0.000000	0.108108
2025-07-08 19:01:00	国办函〔2025〕70号	0.645311	0.000000	0.000000	0.000000	0.000000	0.000000	0.000000	0.000000	0.000000	0.000000	0.000000	0.000000	0.000000	0.000000	0.000000	0.000000
2025-07-08 19:00:00	国办发〔2025〕24号	0.694759	0.000000	0.500000	0.000000	0.000000	0.000000	0.100000	0.100000	0.000000	0.000000	0.000000	0.000000	0.000000	0.000000	0.000000	0.300000
2025-07-03 19:00:00	国函〔2025〕68号	0.672223	0.000000	0.000000	0.000000	0.000000	0.000000	0.000000	0.000000	0.000000	0.000000	0.000000	0.000000	0.000000	0.000000	0.000000	0.000000
2025-06-30 17:00:00	国办发〔2025〕23号	0.672069	0.000000	0.117647	0.000000	0.000000	0.205882	0.205882	0.000000	0.000000	0.000000	0.000000	0.000000	0.058824	0.117647	0.000000	0.294118
2025-06-27 17:00:00	国令第811号	0.634284	0.000000	0.040000	0.000000	0.000000	0.000000	0.320000	0.000000	0.000000	0.040000	0.000000	0.000000	0.240000	0.000000	0.000000	0.360000
2025-06-26 17:00:00	国办发〔2025〕22号	0.671426	0.000000	0.000000	0.000000	0.000000	0.000000	1.000000	0.000000	0.000000	0.000000	0.000000	0.000000	0.000000	0.000000	0.000000	0.000000
2025-06-23 17:00:00	国令第810号	0.667634	0.000000	0.903226	0.000000	0.000000	0.000000	0.000000	0.000000	0.000000	0.000000	0.000000	0.000000	0.000000	0.096774	0.000000	0.000000
2025-06-17 17:00:00	国办函〔2025〕59号	0.641180	0.000000	0.000000	0.000000	0.000000	0.000000	0.000000	0.000000	0.000000	0.000000	0.000000	0.000000	0.000000	0.000000	0.000000	0.000000
2025-06-09 18:00:00	国办函〔2025〕57号	0.683606	0.000000	0.007812	0.007812	0.000000	0.000000	0.007812	0.617188	0.000000	0.046875	0.000000	0.000000	0.000000	0.234375	0.062500	0.015625
2025-06-05 19:00:00	国发〔2025〕9号	0.701503	0.000000	0.035714	0.000000	0.000000	0.000000	0.000000	0.000000	0.000000	0.071429	0.000000	0.000000	0.000000	0.000000	0.000000	0.892857
2025-06-05 17:00:00	国函〔2025〕57号	0.673583	0.000000	0.000000	0.000000	0.000000	0.000000	0.000000	0.000000	0.000000	0.000000	0.000000	0.000000	0.000000	0.000000	0.000000	0.000000
2025-06-03 19:00:00	国令第809号	0.662133	0.000000	1.000000	0.000000	0.000000	0.000000	0.000000	0.000000	0.000000	0.000000	0.000000	0.000000	0.000000	0.000000	0.000000	0.000000
2025-05-26 19:00:00	国令第808号	0.639002	0.000000	0.018587	0.000000	0.000000	0.000000	0.000000	0.018587	0.000000	0.762082	0.000000	0.000000	0.000000	0.182156	0.000000	0.018587
2025-05-14 11:00:00	国办发〔2025〕17号	0.725554	0.028169	0.098592	0.000000	0.000000	0.084507	0.281690	0.028169	0.000000	0.126761	0.028169	0.000000	0.056338	0.225352	0.000000	0.042254
2025-05-09 19:00:00	国办发〔2025〕18号	0.659352	0.000000	0.000000	0.000000	0.000000	0.294118	0.117647	0.000000	0.000000	0.000000	0.000000	0.000000	0.000000	0.000000	0.000000	0.588235
2025-05-01 17:00:00	国令第807号	0.666805	0.000000	0.000000	0.000000	0.000000	0.000000	0.016949	0.000000	0.000000	0.000000	0.000000	0.000000	0.000000	0.016949	0.000000	0.966102
2025-04-25 17:00:00	国函〔2025〕40号	0.675741	0.000000	0.000000	0.000000	0.000000	0.000000	0.000000	0.000000	0.000000	0.000000	0.000000	0.000000	0.142857	0.000000	0.000000	0.857143
2025-04-18 19:00:00	国令第806号	0.706560	0.000000	0.000000	0.000000	0.000000	0.000000	0.008197	0.000000	0.004098	0.000000	0.000000	0.024590	0.004098	0.909836	0.024590	0.024590
2025-04-10 17:00:00	国令第805号	0.664967	0.000000	0.000000	0.000000	0.000000	0.920635	0.000000	0.000000	0.000000	0.000000	0.000000	0.000000	0.000000	0.079365	0.000000	0.000000
2025-03-24 19:01:00	国令第803号	0.644974	0.000000	0.000000	0.000000	0.000000	0.125000	0.375000	0.000000	0.000000	0.000000	0.000000	0.000000	0.000000	0.125000	0.125000	0.250000
2025-03-21 17:00:00	国办发〔2025〕12号	0.621366	0.000000	0.000000	0.000000	0.000000	0.000000	0.000000	0.000000	0.000000	0.000000	0.000000	0.000000	0.000000	0.000000	0.000000	0.000000
2025-03-20 17:00:00	国办发〔2025〕11号	0.660116	0.000000	0.006173	0.000000	0.000000	0.870370	0.037037	0.000000	0.024691	0.000000	0.000000	0.006173	0.000000	0.000000	0.000000	0.055556
2025-03-19 17:00:00	国令第801号	0.683867	0.000000	0.000000	0.000000	0.000000	0.000000	0.750000	0.000000	0.000000	0.000000	0.000000	0.000000	0.000000	0.000000	0.000000	0.250000
2025-02-19 17:00:00	国办函〔2025〕16号	0.651222	0.000000	0.000000	0.000000	0.000000	0.440000	0.200000	0.000000	0.120000	0.000000	0.000000	0.000000	0.040000	0.000000	0.000000	0.200000
2025-02-10 17:00:00	国令第799号	0.593517	0.000000	0.333333	0.000000	0.111111	0.055556	0.000000	0.055556	0.000000	0.055556	0.000000	0.000000	0.055556	0.222222	0.000000	0.111111
2025-02-05 19:00:00	国办发〔2025〕5号	0.673236	0.000000	0.085714	0.028571	0.000000	0.000000	0.000000	0.000000	0.000000	0.000000	0.000000	0.000000	0.428571	0.200000	0.057143	0.200000
2025-01-27 19:00:00	国令第800号	0.669364	0.000000	0.000000	0.000000	0.000000	0.000000	0.000000	0.400000	0.000000	0.200000	0.000000	0.000000	0.000000	0.200000	0.000000	0.200000
2025-01-24 19:00:00	国办发〔2025〕4号	0.687980	0.000000	0.105263	0.026316	0.000000	0.157895	0.605263	0.026316	0.000000	0.000000	0.000000	0.000000	0.000000	0.000000	0.000000	0.078947
2025-01-22 17:00:03	国办函〔2025〕12号	0.681229	0.000000	0.083333	0.020833	0.041667	0.062500	0.145833	0.000000	0.041667	0.062500	0.000000	0.000000	0.041667	0.229167	0.062500	0.208333
2025-01-16 17:03:00	国办函〔2025〕3号	0.657161	0.000000	0.000000	0.000000	0.000000	0.000000	0.000000	0.000000	0.000000	0.000000	0.000000	0.000000	0.000000	0.000000	0.000000	0.000000
2025-01-15 19:00:00	国令第798号	0.660708	0.000000	0.000000	0.000000	0.000000	0.000000	0.923077	0.000000	0.000000	0.000000	0.000000	0.000000	0.000000	0.000000	0.000000	0.076923
2025-01-13 19:00:00	国办发〔2025〕2号	0.698262	0.000000	0.044444	0.000000	0.000000	0.000000	0.111111	0.000000	0.000000	0.000000	0.000000	0.000000	0.688889	0.000000	0.000000	0.155556
2025-01-10 21:00:00	国函〔2025〕4号	0.596764	0.000000	0.000000	0.000000	0.000000	0.000000	0.000000	0.000000	0.000000	0.000000	0.000000	0.000000	0.000000	0.000000	0.000000	1.000000
2025-01-07 19:00:00	国办发〔2025〕1号	0.670446	0.000000	0.000000	0.000000	0.000000	0.000000	0.957447	0.007092	0.000000	0.000000	0.000000	0.000000	0.000000	0.007092	0.000000	0.028369
2025-01-03 17:00:00	国办发〔2024〕53号	0.685603	0.000000	0.009569	0.000000	0.000000	0.942584	0.014354	0.000000	0.009569	0.000000	0.000000	0.000000	0.004785	0.009569	0.000000	0.009569
